2⁰⁰ INDEX

Euripiden Alc. 887. 112 685. 177
851. 104 Suppl. 451. 88
Andr. 179. 115 460. 118
289. 87 Τῐοαᾶ. 895. 72

465. 85 Gorgias 118. “ 67
771.172 Herodotue 1. 2. 169
Bacch. 867· 126 29. 141
689. 85 82· 0. 108

1286· 128 42. 51
1809. 78 58. 90

Cycl. 558. 181 70. 169
577. 100 82. 109

niet. 115 86. 91
Electr- 57. 144 108. 27
485. 84 119. 151
1121. 88 140. 109
Hoc. 1111. 72 159. 109
Hel. 455. 180 187. 78
687. 128 196. 20. 22
878. 128 197. 109
Heracl. 249. 125 198. 109
527. 168 11. 18. 101

769. 84 48. 71
nemrot. 1401. 127 111. 25. “62
1417. 88 69. 46

Hipp. 468. 162 104. 81
518. 125 150. 26
Inone 55 155.178
Ione 858. 78 lv. 46. 116
Iph. Aul„ 588. 104 66.116
944. 61 118. 7· 194

1192. 118 157. 108

1210. 162 , 195. 165

1288. 100 V· 48. 92

lph. Taur. 894. 85 67. 90
1024. 176 82· · 98

Med. 1098. 128 vl. 44. 151
1275. 89 ‚ 82· 108
Orest. 287. 1 1 1 85. 127
1218. 104 86. 117
1854. 104 86, 8. 92

· Phoen. 90. 112 vu. 5. 155
218. 54 159· 7

Rhes- 50. 128 180-169

618. 110 184. 169

