SCRIPT-onvm.

tq. 805.

960.
1057.
1107.
1181.
Lyn. 1025.
1098.
Ν ub. 466.
1164.
1167.
1282.
1888.
Pac. 69.
187.
487.
450.
1028.
1198.
Plnt. 874.
488.
Rau. 175.
866.
1281.
Theon. 284.
814.
veap. 286

919.

942.

960.
1094.

Callimachus h. Dian. 27.
Cliniae pp. stob.
Cratinus Γείτοσι
Demosthenen

101
106
161
191
42
26
26
88
26
87
182
75
28
195
101
101
44
48
158
168
188

66·

105
121
87
44
106
86
67
166
184
47
96

Ρ. 18, 6. Reisk. 195

16, 8.
24, 27.
40, 8.
64, 29.
66, 12.
77, 19.
96, 24.
97, 8.
112. 6.
128, 29.

42
62
62
67
176
87

184, 0.
192, 22.
196, 20.
204, 23.
242, 9.
260, 1.
284, 17.

298, 12. ’

868, 22.
878. 6.
895, 14.
467, 28.
492, 21.
625, 15.

19.
554, 1.
669, 27.
747, 18.
749, 2.
776, 8.
780, 7.
814, 18.
849, 14.
860, 8.
866, 22.
901, 18.
921, 1.

1017, 21.
1065, 2.

1105, 2.
1106, 28.

1109, 7.

1169, 9.
1225, 21.

1229, 22.

1852, 27.

1874, 24.

1404,14.
1451, ῗέῐ

1467, 9.

182 Εορῑιεηῑοε ap. 8101).

62 Epicurus epist.

68 Etym. Μ. 471, 6.
184 Euripides Alc. 53.

45. 58.

 

