SCRIPTORVM.

Hesiodus Ο. et D. 345.
Homerus Iliad. α. 249.

214. 169
vm. 18. 102
22. 103
36. 91
67. 91
119. 52
136. 44. 169
IX. 16. 92
71. 169

47

24

271. 160
340. 98
549. 172
β. 250. 170
292. 85
340. 161
γ. 299. 145
409. 29
δ.93.164
190. 83
262. 142
343. 142
539.168
ε. 212. 146
257. 99
303. 159
311. 168
407. 84
η. 48. 164
852133
θ. 23. 172
ι. 386. 28
397. 172
524. 143
κ. 126. 132
μ. 58. 168
ν. 732. 21
ξ. 484. 40
ο. 39. 156
45. 156

ρ. 70. 169
398.169
c. 307. 81
vo 426· 161

φ. 27 4.
340.
462.
576.

χ. 86.
348.
364.
369.

ψ. 46.
150
494.

ω. 553.

Odyu. α. 316.

403.
ρ. 52·
86.

